0.000000000000000000e+00 4.359253264216230578e-02 4.609046285901606810e-01 2.466248566028993866e-02 8.456171809288426378e-01 1.244440374037233399e-01 3.330657715805992458e-01 9.054536622400011225e-02 2.217655071943132050e-01 9.029804034658200917e-01 6.772685819598846246e-02 1.209503800139064972e-01 7.421520623426469676e-02 3.491657499642834839e-02 6.329443425907673726e-01 5.348822367651366594e-02 1.013406173604034788e-01 9.203263987081665709e-01 2.625450071836816709e-02 0.000000000000000000e+00 5.449132862499134373e-03 2.845656963694651598e-01 1.345171083928091427e-01 2.409574860554463197e-02 8.559209850218257865e-01 1.585268933730295537e-01 2.462232316795190668e-01 3.341149608664202575e-02 8.924913173755784357e-02 5.032356356401446748e-04 5.498048020217639609e-01 1.088992000443960856e-01 5.288480545504479213e-01 9.259161013412074703e-02 1.233967820434044710e-02 2.979203937152502535e-01 6.631484089707978535e-01 6.518817262781371850e-03 6.482759721080155746e-02 1.566595281466098138e-02 5.916845877117234975e-01 4.690501265889538557e-02 2.471151425413605496e-01 5.556750868694653178e-01 3.466021680726421583e-01 3.539018064098177208e-01 5.591828379018439765e-01 5.360676203582173116e-01 2.407137180854428682e-01 0.000000000000000000e+00 6.939928574780052095e-01 1.159937667170790054e-01 6.563934026881255903e-04 9.999658510765347952e-01 3.431857390699397797e-02 8.745896245884893228e-02 1.380071375522512744e-01 0.000000000000000000e+00 3.006319493881079094e-02 3.610738104794607856e-02 6.116686267888939987e-01 9.530729253345640029e-01 1.345445537357333188e-01 2.610493446901548387e-01 2.377088651394152485e-01 7.215562832051954263e-03 3.311371150600407320e-01 5.161758175714503682e-02 9.745961706083358100e-01 7.140548524860882429e-01 3.331582656089278859e-03 4.624855427227329563e-01 0.000000000000000000e+00 9.266955214650762773e-03 5.429044986472347789e-01 4.021297433177028341e-02
4.359253264216230578e-02 0.000000000000000000e+00 1.358309938868936528e-01 3.908657846790523638e-01 6.882599182643964753e-01 7.972716119471361385e-01 7.881722525780943123e-02 5.151069380058181241e-02 2.248358985493456863e-01 4.395943620823041659e-02 7.275278202451701537e-02 2.764567433275808006e-01 7.207536771674605269e-01 1.061665704145197953e-01 1.235807460037439409e-01 5.437883240906750126e-01 4.412968482153491467e-01 1.884705298173594834e-01 1.312553002413589520e-01 2.536695439360039939e-01 1.508970500570557260e-01 4.742218446648045066e-02 1.268513796879166544e-01 2.104431162359078900e-01 5.976143046671967829e-01 2.533981129664891752e-02 2.271487843847602994e-01 7.527345746303504281e-02 1.642887198153267225e-01 2.985539327892518524e-01 4.472832364260419941e-02 3.559565786158899736e-01 3.344864478620828141e-01 2.180816251703157349e-01 7.499774649580046582e-01 3.648583848331015123e-01 5.538487756217111979e-01 1.567305799567036972e-01 1.918864098424217512e-01 2.939174707811509357e-01 4.146181538050094373e-01 2.480713115837842597e-01 1.230074156044084488e-01 1.428268013019173277e-01 4.960251770639511060e-01 4.233253170291491063e-01 1.849917990021843206e-01 3.505251520141345889e-01 6.030748306268693959e-01 1.611135671293298099e-01 5.700429410772270278e-02 2.459117041461635345e-01 5.648361830655928006e-01 6.052275326688024565e-02 3.162844528195769556e-01 7.058215678638972423e-02 4.616019408603675989e-01 0.000000000000000000e+00 3.467779852022450093e-01 2.059832552130325400e-01 5.054848975798786892e-01 8.123728608220304181e-01 3.441464029269064584e-01 3.195883444260835260e-01 4.167723429777860922e-01 6.929612042011948914e-01 4.806689907028784403e-01 3.791542794333055966e-01 4.565685817049015827e-02 6.733434245824073683e-01 3.163569092959255813e-01 1.492126429844762847e-01 0.000000000000000000e+00 2.979502536131704502e-02 3.360090182945273396e-01 5.303495281020254026e-01
4.609046285901606810e-01 1.358309938868936528e-01 0.000000000000000000e+00 3.938596739335057939e-01 2.446477194619132156e-01 2.836069995710308600e-01 3.402274957555193602e-01 4.035976088341132473e-02 3.440409201894527036e-01 1.494595308329240424e-01 1.392178564093921600e-01 3.614157077555485986e-01 4.172241585876991510e-02 1.001544749264207529e-01 6.863349875834505731e-01 1.976789274144111486e-01 3.404486410839042687e-01 8.870813192223866439e-01 2.118560873106322962e-01 6.429459363033025732e-03 2.918784724430583538e-02 1.577693634207194273e-01 1.062109197051459009e-01 3.123337558641232567e-02 7.172646985478938753e-01 8.835762390036275837e-01 3.001700637551903972e-01 4.065386171776713686e-02 2.307355595626525702e-01 1.447879734684153451e-02 7.545912098891405240e-01 7.347976722326559074e-01 6.904769801620020964e-01 1.155315811532220405e-01 5.862719557004152093e-02 3.457867751166541215e-01 1.852231952868098053e-01 1.079426100748154260e-01 3.186021384459722938e-01 3.459337431229166371e-01 6.091774229510034111e-01 1.999886292189860248e-01 3.764999770089793585e-01 6.527853615816904542e-02 2.917318244485687939e-02 4.145333043613093627e-01 7.173127943994099809e-01 1.449389806022824412e-01 4.337990518004116169e-01 6.291384059279475638e-02 6.752591215931160740e-01 1.820907616610883961e-01 1.275740049145062116e-01 7.097146403241759438e-02 1.529873160914764774e-01 2.822041646418874672e-01 4.127650478452659644e-01 0.000000000000000000e+00 2.146318186650116311e-01 2.946230871882746793e-01 5.045262891219635115e-01 7.214929097830583560e-01 3.242089782521155872e-01 5.115729992965354356e-01 2.401164772615050347e-01 5.419115701919091643e-02 1.697488928116470952e-01 3.823981256620547220e-01 1.115764115163068448e-01 2.660387763745039602e-01 2.058576573055782011e-01 6.625044231347093637e-02 0.000000000000000000e+00 3.497924380999563598e-01 5.609972916221844796e-01 8.389948342793239477e-02
2.466248566028993866e-02 3.908657846790523638e-01 3.938596739335057939e-01 0.000000000000000000e+00 6.469668604365357290e-01 3.069316139738526572e-01 7.401151195936491733e-01 1.525547044581756218e-01 5.696976949060201800e-01 4.060719475900754355e-02 1.015656292761306090e-01 5.793050952099356721e-01 2.216793647973508419e-02 1.567532459910686016e-01 1.642071962225147008e-01 4.210964058017176437e-01 3.369487933498641619e-01 1.377140819848612363e-01 6.133696530611089104e-01 6.592958458983632086e-01 1.161619888772496417e-01 1.584522386482977163e-01 1.077058065854591268e-01 1.263881025504147992e-01 9.535470426209806671e-01 6.555035858545015248e-01 3.354934806683757542e-01 1.665283922045577847e-01 3.450995419536922459e-01 4.153766697288309440e-02 1.993326866942011777e-01 2.061117721688820459e-01 2.432169054231743399e-01 9.714272876295648729e-02 1.477240712407809631e-01 3.741888588183957531e-01 4.790490147257763648e-02 2.464982498097725849e-01 7.188286313346410328e-01 2.214248997759648008e-01 4.696022106995915713e-01 6.045520553034466893e-01 3.688528620640594280e-01 2.904368942932697983e-01 2.193706808275829312e-01 3.192613134894689009e-01 4.388560827298273459e-01 3.092030667317208215e-01 3.631860917662940169e-01 1.106709741467419850e-01 6.594212552700230712e-02 9.490631850130738789e-02 3.206585563173054987e-01 3.823157744998431085e-01 1.675979088897892044e-01 4.957176194390185420e-01 4.510133702814536072e-01 0.000000000000000000e+00 3.157358371423604204e-01 5.208070882868544027e-01 4.202722953075967438e-01 3.898262877370163304e-01 2.573623688262217102e-01 7.009689826524594380e-01 4.380769858832264108e-01 2.717434832586001492e-01 2.811296556400059710e-01 3.293337186243453507e-01 3.978182329881387036e-02 1.792858038450265701e-01 1.727488650315189556e-01 1.348163348513961579e-01 0.000000000000000000e+00 5.689853168798787442e-01 5.731774302189619474e-01 1.240076160040502751e-01
8.456171809288426378e-01 6.882599182643964753e-01 2.446477194619132156e-01 6.469668604365357290e-01 0.000000000000000000e+00 6.657456907198043838e-01 4.636572045622340266e-01 8.659614601817333668e-01 2.959960887404834429e-01 6.686813368069695340e-02 2.745613816648587724e-01 2.210776405834681546e-01 4.072585758200658601e-01 8.219133644733374322e-02 3.494318391010833302e-01 3.820757550298992111e-01 5.194690188213867410e-01 9.461127972109706352e-01 7.431492253861822217e-01 1.000000000000000000e+00 8.603475500265714837e-01 1.021378883230531776e-01 9.443270191042092421e-01 1.831295570175773546e-01 9.999999999999997780e-01 4.334037094085388953e-01 4.199860374232211591e-01 6.479328959761045947e-01 1.255921021130883275e-01 1.031109845325458435e-01 4.331914710873344676e-01 2.538909428907363264e-01 5.121265265207073369e-01 1.226592295646974085e-01 5.555657327159455594e-01 3.628878787101429970e-01 5.336598543829216279e-01 4.850577246215489469e-01 4.786326922064708667e-01 2.014955323879087743e-03 6.335394994070213670e-01 6.713043105183882364e-01 3.906260937801937505e-01 7.072607405555918492e-01 2.847675999775402533e-01 7.783157913892257973e-01 4.534862406527088163e-01 6.826896590628769856e-02 4.000494902071495551e-02 5.092307184282278687e-01 2.815583926108953805e-01 3.882388212041394393e-01 4.779103477264093347e-01 1.000000000000000000e+00 4.733060126138418089e-01 3.719260479661656849e-01 3.530431307592997170e-01 0.000000000000000000e+00 6.931343433799719289e-01 2.680136665948130159e-01 9.022255701048587095e-01 9.701425001453318764e-01 3.721393012128746403e-01 5.337556197005626224e-01 5.543697112149749140e-01 1.639275315279639378e-01 2.218496298944816203e-01 0.000000000000000000e+00 1.390517614706055505e-01 3.387147211325799989e-01 1.876352228481362738e-01 4.259031859359626027e-01 0.000000000000000000e+00 1.404869162768817847e-01 7.387928561993252208e-01 5.240772441302921081e-01
1.244440374037233399e-01 7.972716119471361385e-01 2.836069995710308600e-01 3.069316139738526572e-01 6.657456907198043838e-01 0.000000000000000000e+00 4.036513505013562819e-02 6.493153022396380702e-02 3.337188151073117726e-01 1.717300535078988000e-01 1.653444058797852723e-01 3.005527258058218742e-01 9.747145593723303622e-03 5.923458931859408583e-02 6.362399103367959441e-01 3.787514898027540267e-01 7.406512419428243899e-01 8.916667692581811133e-01 4.767205093746941791e-01 3.927628305910311202e-01 4.222767513145698204e-01 5.061571121491781344e-01 2.341845022019180267e-01 6.211632788537787414e-02 6.794871794871795156e-01 3.480806136348053581e-01 4.861252611389856315e-01 4.000376967337555545e-01 2.770867598288155875e-01 2.260238670490747892e-01 4.881365986359019193e-01 3.732795710929554533e-01 5.367268890448942953e-01 3.276418616228460312e-01 8.735452555998584057e-01 3.339629273234498430e-01 8.009690440648706833e-01 4.008958017811597996e-01 3.678793680537798538e-01 0.000000000000000000e+00 5.007725270504759241e-01 3.207365805571494866e-01 3.626936047192256818e-01 8.057728436776936398e-01 5.632959261846962606e-01 8.542507607671092629e-01 2.282416532218912719e-01 1.306130813405343982e-01 2.495308770074102234e-01 8.958868535973516511e-01 1.362560278686174853e-01 3.228210413060284001e-01 5.326446284907675466e-01 0.000000000000000000e+00 1.913588468763957051e-01 4.883222580567145310e-02 4.005188928976610163e-01 0.000000000000000000e+00 5.303447525329851864e-01 3.889360056902241292e-01 7.327881661544646263e-01 9.514762552227729042e-01 2.395055253879994628e-01 1.947362691109771893e-01 5.127006280043540087e-01 2.573860531746497982e-01 7.769614041280827887e-01 0.000000000000000000e+00 7.163791446537227658e-01 8.963769949589059371e-02 1.790369465224548040e-01 6.910070448751017835e-01 0.000000000000000000e+00 1.405700883944245583e-01 4.710210024388129524e-01 6.816265640865789566e-01
3.330657715805992458e-01 7.881722525780943123e-02 3.402274957555193602e-01 7.401151195936491733e-01 4.636572045622340266e-01 4.036513505013562819e-02 0.000000000000000000e+00 4.452521420727374030e-02 4.054166479084600483e-01 1.684842109961058043e-01 2.653451424831008709e-01 2.170096655286072873e-01 1.355350416512876854e-01 6.027458892325985446e-02 1.289480964334200896e-01 1.880024965200600140e-01 1.700501175527169007e-01 2.776706724035328533e-02 1.548920133215543338e-01 9.338145262192008023e-01 5.108567152675956569e-02 1.509466339286321956e-01 9.315506471883265860e-01 3.493068761444488302e-01 7.096749614368607073e-01 2.322141936322192068e-01 3.344793386609558605e-01 3.249563107662776229e-01 2.536440100886593885e-01 5.260964737091643889e-02 3.418715219736250255e-01 1.532384717989081213e-01 2.245321766183670520e-01 1.056457087320189503e-01 3.668135777227345129e-02 4.807109712559338166e-01 7.104678901209354747e-02 8.836637472979884389e-02 8.668951706436003324e-01 5.682675027811692064e-02 6.470869556968887881e-01 5.757642601968735452e-01 2.437845275388538790e-01 2.225660616818309623e-01 3.719046438231164015e-02 3.127029587127266863e-01 5.362569354964155099e-01 3.162064916339512033e-01 4.270241699888627229e-01 5.280704171782936440e-02 6.678949879521441924e-01 5.308956088510619065e-02 1.785026523212229488e-01 9.900170915477437550e-01 1.709937760364272363e-01 4.140859438722860886e-01 2.322315350513123877e-01 0.000000000000000000e+00 1.978540144000718315e-01 4.318375673705378004e-01 1.905887077019953746e-01 1.611513419190523100e-01 1.023357956618863862e-01 8.495875912777758332e-01 3.961331349840219174e-01 5.681111864204148321e-02 8.641741380624400337e-01 2.499075956353575267e-01 8.674252453802133722e-01 2.870907877520725848e-01 1.037940992703918347e-01 4.031819530216380204e-02 0.000000000000000000e+00 4.643912301494818595e-01 9.876149599194899986e-02 6.213764953403495134e-02
9.054536622400011225e-02 5.151069380058181241e-02 4.035976088341132473e-02 1.525547044581756218e-01 8.659614601817333668e-01 6.493153022396380702e-02 4.452521420727374030e-02 0.000000000000000000e+00 3.336490743251949165e-02 1.499118805543017963e-01 1.318980987936286542e-01 6.127375745786808325e-01 3.803185803171958423e-01 4.403858635789005826e-01 1.926660340703066632e-02 1.000803474544410682e-01 4.902686928930815036e-01 2.876698552686011157e-01 1.599015512559362751e-01 9.739559873786916011e-01 5.093026719632214733e-02 6.327718974083301751e-02 1.098804596461138983e-01 1.135139476255943303e-02 9.701425001453318764e-01 5.320419303028522950e-02 2.315415612506002974e-01 1.529789766159778130e-01 2.661236032626559597e-02 1.802182064290597935e-02 2.641816462608788385e-02 4.827943793581951359e-02 7.410430117349520174e-02 1.479158229294822921e-02 5.710215007829385625e-01 5.804098860042407326e-02 5.015095068775718978e-01 7.435778201311793283e-03 1.098100882020920099e-01 3.829367398883901097e-01 3.210368218791262440e-01 4.929270098896779695e-01 3.458072798986952523e-02 3.935763985088604477e-01 2.922756427406736357e-01 1.448030727507332652e-02 1.574195381726047893e-01 6.103638243271745228e-02 1.233914862941524748e-01 1.113139697151083740e-01 1.221565611191800793e-02 1.264260707218888349e-02 2.949238080837312537e-01 8.966574239869272711e-01 1.531908950788762706e-02 5.109637367026921562e-02 1.315764623908362019e-01 0.000000000000000000e+00 2.619515597929430450e-01 1.360831262618944770e-01 1.610560379730978098e-01 7.210355478356463843e-01 3.592594158426919426e-01 1.131263623162687415e-01 1.062225773715038679e-01 1.059325177910576572e-02 1.648673510573597789e-01 3.436960787653897675e-01 2.382116717945276241e-02 9.748867506438140262e-01 3.839342308018380695e-02 5.564314265749567001e-01 0.000000000000000000e+00 4.498916637084501846e-02 5.801128020411367922e-03 1.043504375069397583e-01
2.217655071943132050e-01 2.248358985493456863e-01 3.440409201894527036e-01 5.696976949060201800e-01 2.959960887404834429e-01 3.337188151073117726e-01 4.054166479084600483e-01 3.336490743251949165e-02 0.000000000000000000e+00 7.756897684295381845e-01 2.161239030154320506e-01 4.542146020510424709e-01 5.970520200070842526e-02 1.455737712904022207e-01 9.159762034906229755e-02 1.230895175724597279e-01 3.515959049041956219e-01 2.715107901334052887e-01 5.407411914967775735e-01 9.031662407338156284e-02 9.482974385377415660e-02 3.958242665739832855e-01 1.543925154420306700e-01 8.809746668296544736e-02 5.699509407344414136e-01 4.347361769521098096e-01 1.302321185124575009e-01 1.145694739405733742e-01 1.338621677174385294e-01 5.686910873254291676e-01 1.543534972065825073e-01 5.780511836434842898e-01 1.957939124883136817e-01 1.439719228275334606e-01 8.046503431637276604e-02 2.458868739550260640e-01 5.173643497428259685e-01 6.509712362563753463e-02 2.492990240157323956e-01 3.672177219829760864e-01 5.094330439423753187e-01 1.926700423006303953e-01 2.332774738426490191e-01 1.705881004146913293e-01 6.466185707273514049e-02 2.372183584028978998e-01 2.196939769482391669e-01 1.001267451311259465e-01 1.415888392278687458e-01 3.785172393691624976e-02 1.184489212093325743e-02 4.935822417955015862e-02 3.437458134003166244e-01 3.464238707553314589e-02 2.678207671955712965e-01 9.573722072584253673e-02 3.747339971951064164e-01 0.000000000000000000e+00 1.988055423490991125e-01 2.099283896593769905e-01 2.517676164017040308e-01 9.440974684117698912e-01 5.485216473863352427e-01 4.981287226067647733e-01 1.156092789062388299e-01 1.549976114075993505e-01 9.528946205451267054e-03 2.813708552376947281e-01 3.119296719734439005e-01 6.786236978714813572e-01 7.142935813459302397e-01 6.925329031039667571e-02 0.000000000000000000e+00 4.797013705721447918e-01 6.517760242134688908e-02 8.450786991567328654e-02
9.029804034658200917e-01 4.395943620823041659e-02 1.494595308329240424e-01 4.060719475900754355e-02 6.686813368069695340e-02 1.717300535078988000e-01 1.684842109961058043e-01 1.499118805543017963e-01 7.756897684295381845e-01 0.000000000000000000e+00 2.767799811460130988e-02 1.393993706019877599e-01 4.532788460031465447e-03 4.943774306917701929e-03 1.225729555933188497e-01 8.630737187169716662e-03 6.213059486865726150e-02 9.490396617642549160e-01 1.449390661598473351e-01 0.000000000000000000e+00 1.669580173341606716e-02 5.027146114852955039e-01 6.431314145824168493e-02 4.752830760559900031e-02 7.357704963958471289e-01 3.290783819785763828e-03 1.015653985701482909e-01 1.398253979258928248e-01 3.134450618843800940e-01 6.883566227822064849e-03 9.204430173977760921e-02 9.021002649950407570e-02 1.661501502826488452e-01 1.479879714967708704e-01 2.494688266264362062e-02 4.634870062216574910e-02 8.167160040531056264e-01 5.360329289195527730e-02 9.184120609488025111e-02 1.020772275042009306e-02 8.232324177944473353e-01 8.573029578740781753e-02 5.151396504026073409e-02 4.319982720103679452e-01 1.778291646025480510e-01 4.310404713891349826e-01 2.023236934990166880e-01 7.023387600017797494e-01 1.655756196187162521e-01 0.000000000000000000e+00 9.832113183839993886e-02 7.949443944198286705e-02 0.000000000000000000e+00 9.999968750146484009e-01 9.786111780577851083e-02 3.942625681217892808e-02 8.564602940421937871e-02 0.000000000000000000e+00 4.775453421370097484e-02 4.706539344045612694e-02 4.802688183021306401e-01 9.530729253345640029e-01 3.586331464107445077e-01 4.740722593492601167e-01 3.244040945734378845e-01 4.469179817966413559e-03 4.147962957496775238e-01 2.676118324014390426e-01 4.253860785943229805e-01 7.097054149385584321e-01 3.620298529974913526e-02 7.096901647697037019e-01 0.000000000000000000e+00 1.801530525727243481e-02 8.979713730193533694e-02 4.111624740310437787e-02
6.772685819598846246e-02 7.275278202451701537e-02 1.392178564093921600e-01 1.015656292761306090e-01 2.745613816648587724e-01 1.653444058797852723e-01 2.653451424831008709e-01 1.318980987936286542e-01 2.161239030154320506e-01 2.767799811460130988e-02 0.000000000000000000e+00 2.740388600642729156e-01 5.960407688258306802e-01 7.912468142594054898e-02 2.098370384777105691e-01 9.879351766234734100e-02 9.077003112766542092e-02 9.721709313008992659e-01 1.618770706709177221e-01 4.080873410034528692e-02 7.491386742592417991e-02 3.251343797623201803e-02 4.310426380448947881e-01 3.014863880293526532e-02 3.199253969769137729e-02 1.940434547251551067e-01 7.759953342722143432e-01 1.731249125195261918e-01 4.461549638681057417e-02 2.026503846001470599e-02 3.581923252494908505e-01 2.777139333916519015e-01 3.615941843679674195e-01 1.896432171647401826e-02 1.637141229149958743e-01 3.552589384186165544e-01 9.370390641122426922e-01 5.749480566371423934e-02 4.923366781823461380e-02 5.415061181085801395e-02 8.838327492553040010e-02 5.033541395937235485e-02 6.852097294305182773e-01 2.177329179266432879e-01 6.077835767315502291e-02 3.712902651908109308e-01 1.549110569230433554e-01 1.444504342487263476e-02 6.046799956067994836e-02 1.482152803223215631e-01 1.181070809924156112e-01 4.418102853331281471e-02 2.743059866831634164e-01 2.516038446032134446e-01 1.417038549982345685e-01 1.897300245769127369e-01 4.627853796257968000e-01 0.000000000000000000e+00 1.154086677846203612e-01 3.315012718593229879e-01 3.796489442528844238e-01 1.895928244602108903e-01 1.959735228283792652e-01 1.644380059255411419e-01 8.886327430025291185e-02 1.820801057536038936e-01 7.078126088960225160e-02 2.403213085510699440e-02 1.099054888122436881e-02 3.324236435442876059e-02 2.723946860564036565e-01 8.563809836005888132e-02 0.000000000000000000e+00 4.599764703631036011e-02 1.036270330416349666e-01 4.580000517311076658e-02
1.209503800139064972e-01 2.764567433275808006e-01 3.614157077555485986e-01 5.793050952099356721e-01 2.210776405834681546e-01 3.005527258058218742e-01 2.170096655286072873e-01 6.127375745786808325e-01 4.542146020510424709e-01 1.393993706019877599e-01 2.740388600642729156e-01 0.000000000000000000e+00 2.669055915037507609e-02 3.717355869671966073e-01 1.570652263017386641e-01 4.133540152076287111e-01 4.073019795777358953e-01 3.945680592382912466e-01 5.948131756732950581e-01 4.972828126322367259e-01 2.709634883358418359e-02 1.615869374305942685e-01 3.934804314022028460e-01 6.348353916072368985e-02 4.633159050460307626e-01 6.568339841420836045e-01 4.149132249658026295e-01 5.438154903017288627e-02 1.315111250694226130e-01 1.194411413185227228e-01 2.075025308731975049e-01 2.367423039631657566e-01 2.434713859649237089e-01 5.360170929671267959e-02 3.637615252205718686e-01 2.675481152322000122e-01 6.686911770000076860e-01 1.173785254181755888e-01 3.376731147221005980e-01 3.533390184944523726e-01 3.246919841645536930e-01 6.356397918964022953e-01 2.424273470239401707e-01 1.587489336576658749e-01 3.228967991164803653e-02 1.603284497970466349e-01 2.918372557444282589e-01 4.169889298657418752e-01 2.228990431678823381e-01 1.498942448820411444e-01 6.138994607215281923e-02 4.932725639808373946e-02 3.446319865064964572e-01 2.219441270485932385e-02 1.552508222244890490e-01 2.976626925956624703e-01 4.564579391462041391e-01 0.000000000000000000e+00 3.349092050315486957e-01 4.155215759635477735e-01 2.505528169005655226e-01 7.634478109347064834e-01 3.052627586165482798e-01 3.967702040770678673e-01 2.182653557208818762e-01 2.785987994633756792e-01 3.030187062479862137e-01 1.123723948072152118e-01 1.129317456437506362e-01 1.582807685866694236e-01 3.224133258543761538e-01 2.861095493105318410e-01 0.000000000000000000e+00 3.334596498116704777e-01 1.233943106861517536e-01 1.606202664330970697e-01
7.421520623426469676e-02 7.207536771674605269e-01 4.172241585876991510e-02 2.216793647973508419e-02 4.072585758200658601e-01 9.747145593723303622e-03 1.355350416512876854e-01 3.803185803171958423e-01 5.970520200070842526e-02 4.532788460031465447e-03 5.960407688258306802e-01 2.669055915037507609e-02 0.000000000000000000e+00 4.529088686827564270e-01 6.462991199428391731e-02 4.236960412970860318e-02 3.899413993143264340e-02 0.000000000000000000e+00 2.266881791575030558e-01 6.488856845230500658e-01 8.750766152861237657e-03 6.386735349386963093e-03 2.291646618952231096e-01 4.137552605561167773e-01 7.071067811865474617e-01 2.493801427410335392e-01 1.166330478271181831e-02 2.971196180869208336e-01 2.094863911510687626e-01 8.879165497548920094e-02 4.160706308537013287e-01 6.006172055388275810e-01 5.000297543190779237e-01 1.367665678012459918e-01 1.183012643792466165e-02 9.558846016165488402e-02 1.270041564563899328e-01 5.533611439430516192e-03 1.455637565628706276e-01 0.000000000000000000e+00 2.786792478106121518e-01 1.223746700164146488e-02 8.965700725185177244e-02 0.000000000000000000e+00 5.865437444688628710e-02 5.366291985999158687e-01 8.083611987556832412e-03 5.547041457170090450e-02 6.377567101917357428e-01 0.000000000000000000e+00 1.044050400360505421e-01 2.618885865148466718e-02 4.850712500726659382e-01 9.999317056512777580e-01 3.976659912632608540e-01 8.936101890118399241e-03 8.232862665272001890e-02 0.000000000000000000e+00 3.227261823320893425e-02 9.381170096449613360e-03 3.415921172001835093e-01 0.000000000000000000e+00 8.973259258158677865e-02 2.455632495095766976e-01 3.878594215985165655e-02 6.561313199768087356e-01 2.709656937696559159e-02 3.730019232961255260e-01 4.500117492956028954e-03 1.119538094313638210e-01 5.171677568820979287e-01 2.097662656587156657e-02 0.000000000000000000e+00 3.757122496990913246e-02 4.270992778072193463e-01 2.967585491314603807e-01
3.491657499642834839e-02 1.061665704145197953e-01 1.001544749264207529e-01 1.567532459910686016e-01 8.219133644733374322e-02 5.923458931859408583e-02 6.027458892325985446e-02 4.403858635789005826e-01 1.455737712904022207e-01 4.943774306917701929e-03 7.912468142594054898e-02 3.717355869671966073e-01 4.529088686827564270e-01 0.000000000000000000e+00 1.258247075739766241e-01 7.771955805786284754e-02 6.688852242206256848e-01 3.176253737683599199e-01 1.834570271478847825e-01 9.164358288915865902e-01 1.961687078492075839e-02 1.604683213491402485e-02 9.270638324317734824e-01 5.751603005597084595e-01 0.000000000000000000e+00 1.924667213198831550e-01 1.626722821388720264e-01 1.408766709309866583e-02 4.691497814717993792e-02 7.365872984282130498e-02 3.256745868005159195e-01 1.225277642295449221e-01 6.840738013507635662e-02 4.296277456883213636e-02 5.764059327152795675e-02 5.980049712182066574e-02 7.486650279958181886e-02 7.738165501631885657e-02 1.156990419482424037e-01 6.088257880516814158e-01 3.341788696069864506e-01 4.477331599345302227e-01 1.424448905772336960e-01 1.368835937255303281e-01 2.626114168887394573e-02 4.972469651169544175e-02 1.721438807499667822e-01 2.458051845111890454e-01 6.314790126664930614e-02 1.194458467241422267e-02 4.343982085362953910e-02 1.989954660287086147e-02 3.156536909060369545e-01 9.939274556889013401e-02 6.580690461658814105e-02 1.759962590573119906e-02 2.757956189470427422e-01 0.000000000000000000e+00 1.977130038447606764e-01 8.506743336793402832e-02 1.305622570693214524e-01 9.141854819234790375e-01 2.384293990511324735e-01 6.477131254069704025e-02 8.470820611426045643e-02 5.223094189250718916e-02 1.325654144780047949e-01 3.971274126731983434e-01 3.592759663147523236e-02 6.704771225972826487e-01 1.980895599574789001e-01 2.998172983020946369e-01 0.000000000000000000e+00 3.108652512522726286e-02 9.180888779802909294e-02 1.025306397866133784e-01
6.329443425907673726e-01 1.235807460037439409e-01 6.863349875834505731e-01 1.642071962225147008e-01 3.494318391010833302e-01 6.362399103367959441e-01 1.289480964334200896e-01 1.926660340703066632e-02 9.159762034906229755e-02 1.225729555933188497e-01 2.098370384777105691e-01 1.570652263017386641e-01 6.462991199428391731e-02 1.258247075739766241e-01 0.000000000000000000e+00 1.310172490045537486e-01 2.309253699034286011e-01 9.141708084531329215e-01 2.062241675378028438e-01 1.437697117500179311e-01 1.195727252006240221e-01 7.453646910321699848e-02 4.890040006095871528e-01 1.628008730501525614e-01 4.096440102026362995e-01 2.573435480893110361e-01 3.334705107866335894e-01 2.767153094860796414e-01 2.495770678488200001e-01 8.403688841987222435e-02 7.757443947842816989e-01 2.768651043513808974e-01 6.551076936530846329e-01 2.241492841776087097e-01 2.478605024707804805e-01 3.049668788062515068e-01 3.654448305327602231e-01 5.242095384292916327e-02 2.331387745679271983e-01 3.189355384435581253e-02 6.352934250263475580e-01 1.105403901677251832e-01 4.416849858190298184e-01 9.232608938985064073e-01 4.553435378220087038e-01 3.016534360952738414e-01 6.465072448393409665e-01 1.515785306987373904e-01 3.160284464555264683e-01 3.338726158080389528e-01 7.533760187640220485e-01 5.766463056527729725e-01 1.179198205793276777e-01 4.585883925019914598e-01 5.587970127645806862e-02 9.859852428925044987e-02 3.136510925703040464e-01 0.000000000000000000e+00 1.441730386157595301e-01 2.461654072513841385e-01 5.985826811748012899e-01 4.259424639503296417e-01 2.172684145663943134e-01 2.607886200805075716e-01 3.641177879653165750e-01 2.098379287128577242e-01 4.731022049384042000e-02 1.276575331179156114e-01 1.699241093684221160e-01 1.431441851405126087e-01 7.615104438696740363e-02 3.673206368355252938e-02 0.000000000000000000e+00 9.374952303126149467e-02 6.395872181547964663e-01 1.293046643659313544e-01
5.348822367651366594e-02 5.437883240906750126e-01 1.976789274144111486e-01 4.210964058017176437e-01 3.820757550298992111e-01 3.787514898027540267e-01 1.880024965200600140e-01 1.000803474544410682e-01 1.230895175724597279e-01 8.630737187169716662e-03 9.879351766234734100e-02 4.133540152076287111e-01 4.236960412970860318e-02 7.771955805786284754e-02 1.310172490045537486e-01 0.000000000000000000e+00 5.184938677725515754e-01 3.320981828990229867e-01 1.942948825315857220e-01 7.571649628817558320e-01 3.290358166194512490e-02 4.195249277706478153e-02 2.833097734000643991e-02 2.199997975566526376e-01 1.489548729274521588e-01 5.579035369984653991e-01 1.753567473249671160e-01 8.608774390101106566e-02 1.808860514281353249e-01 4.674452547869839547e-02 7.385068097807939713e-02 2.174003445702091253e-01 3.589332380906238851e-01 7.206241541511840265e-02 4.099709874235405449e-01 1.933388487749685969e-01 8.920779055029519622e-01 7.262837009079401579e-03 4.048506105662855181e-01 3.771568809799835664e-02 1.722138233976576172e-01 4.502782573614785289e-01 1.522906266393007912e-01 2.768143697058521036e-01 6.660263013209674621e-02 3.275081319157529536e-01 6.234490783944940384e-01 1.192999462891291551e-01 5.938490364984119196e-01 6.652554883969885591e-02 7.057461256532254756e-02 3.033662644380603624e-01 2.865892252538325691e-01 6.767298038994471465e-01 1.394540071216502641e-01 4.012357700479297629e-01 3.984453717027933717e-01 0.000000000000000000e+00 1.558209359908975244e-01 3.134848682121346708e-01 2.401192157953813688e-01 2.450205933379463463e-01 1.230378807712169675e-01 4.165022278909201181e-01 2.356974937324353703e-01 6.859484096473817960e-01 5.154836828406507421e-02 5.641382820158322153e-02 1.703287901240730373e-01 1.802613482774460124e-02 2.580644483426672298e-01 1.938057669016758910e-01 0.000000000000000000e+00 5.914052528383408891e-01 3.570332692445402634e-01 1.584163080755045527e-01
1.013406173604034788e-01 4.412968482153491467e-01 3.404486410839042687e-01 3.369487933498641619e-01 5.194690188213867410e-01 7.406512419428243899e-01 1.700501175527169007e-01 4.902686928930815036e-01 3.515959049041956219e-01 6.213059486865726150e-02 9.077003112766542092e-02 4.073019795777358953e-01 3.899413993143264340e-02 6.688852242206256848e-01 2.309253699034286011e-01 5.184938677725515754e-01 0.000000000000000000e+00 5.643049780595905673e-01 1.591479883336800460e-01 2.742042485535408497e-02 9.396139646349399577e-02 1.012779157310424033e-01 4.684423359169115342e-01 5.025837126763503804e-01 9.989640144694387214e-01 4.292326605767815551e-01 2.093204797281721652e-01 1.591484807820677527e-01 4.978300611964093236e-01 5.979439063731467607e-01 4.275887534181853078e-01 2.365791730324305342e-01 3.321459538382852683e-01 3.393688112741095608e-01 6.541375810492683351e-01 1.474993751045260149e-01 1.155643202004889847e-01 1.055270888119468203e-01 2.830516125438524710e-01 5.462194089819684129e-01 4.707609916618004653e-01 2.812780991737282577e-01 2.112379936827699090e-01 7.332355751067665128e-01 8.102538201053365308e-01 5.898311719609972137e-01 2.549578350190249143e-01 1.117712549386081500e-01 5.585576643852155909e-01 1.177873556585110927e-02 1.665941899119011693e-01 6.239650510380966297e-01 3.511282515973863927e-02 1.009518474906635245e-02 1.404768599241773275e-01 5.746234727357865668e-02 6.114308880255805434e-01 0.000000000000000000e+00 2.920264224463315905e-01 2.555109727760799254e-01 3.072358682345484593e-01 9.830094532550049946e-01 1.669279537432711291e-01 2.597084514305464387e-01 4.127058352790731188e-01 6.054120079214297956e-01 4.540306539376065542e-01 8.704200798092683045e-02 7.868539413317129916e-02 6.827914956179106376e-01 2.246710542364743213e-01 8.089578282280410204e-02 0.000000000000000000e+00 1.012459149159368188e-01 4.284736665412457457e-01 9.889181707366734297e-02
9.203263987081665709e-01 1.884705298173594834e-01 8.870813192223866439e-01 1.377140819848612363e-01 9.461127972109706352e-01 8.916667692581811133e-01 2.776706724035328533e-02 2.876698552686011157e-01 2.715107901334052887e-01 9.490396617642549160e-01 9.721709313008992659e-01 3.945680592382912466e-01 0.000000000000000000e+00 3.176253737683599199e-01 9.141708084531329215e-01 3.320981828990229867e-01 5.643049780595905673e-01 0.000000000000000000e+00 1.279483420331251620e-01 0.000000000000000000e+00 2.649064714130087705e-01 8.722516828137343303e-01 0.000000000000000000e+00 3.233808333817773106e-01 1.000000000000000000e+00 1.129961536763921665e-01 5.576044698473133776e-01 2.411417421338253042e-01 2.221012978213840194e-01 2.425171440194252570e-01 9.345141183776155547e-01 7.011929775253722408e-01 7.459119289976321454e-01 2.685357453557654303e-02 2.425356250363329691e-01 6.606834271477828313e-01 0.000000000000000000e+00 6.479500856579060997e-02 4.983835897445184626e-01 0.000000000000000000e+00 7.343780365712443414e-01 1.027764685700168767e-01 9.286181878128504374e-01 9.701425001453318764e-01 8.342701279147518578e-01 3.924324153685783134e-01 9.272246995159251215e-01 4.029208846998657244e-03 4.135385076767227885e-01 0.000000000000000000e+00 9.534254949160989590e-01 3.780323068925829366e-01 2.294157338705617444e-01 0.000000000000000000e+00 2.601904640836549265e-01 9.341084096336265130e-01 4.815058214291141891e-01 0.000000000000000000e+00 3.965147094441786035e-01 2.695679093578366992e-01 9.212012769209555474e-01 0.000000000000000000e+00 3.445318053574915607e-01 9.546012383852194860e-01 2.494636798216239570e-01 4.042260417272216383e-02 1.637230944037457725e-01 0.000000000000000000e+00 9.999238008152206980e-01 0.000000000000000000e+00 2.425268682939985265e-01 2.110792634190875594e-01 0.000000000000000000e+00 3.917729591732101863e-02 9.701425001453362063e-01 2.294157338705617444e-01
2.625450071836816709e-02 1.312553002413589520e-01 2.118560873106322962e-01 6.133696530611089104e-01 7.431492253861822217e-01 4.767205093746941791e-01 1.548920133215543338e-01 1.599015512559362751e-01 5.407411914967775735e-01 1.449390661598473351e-01 1.618770706709177221e-01 5.948131756732950581e-01 2.266881791575030558e-01 1.834570271478847825e-01 2.062241675378028438e-01 1.942948825315857220e-01 1.591479883336800460e-01 1.279483420331251620e-01 0.000000000000000000e+00 4.519970425781214551e-01 8.369656324300310535e-02 1.689450400745263203e-01 1.844993856720247849e-01 9.390370741890791129e-02 7.010236951546588990e-02 5.460404365236188884e-01 2.699508172822745466e-01 3.097735803866920046e-01 4.296886189121609245e-01 3.999761398369410803e-01 8.932934272326356617e-02 2.063979088538439588e-01 7.949612115333462570e-02 6.316084022190446290e-02 1.928832471021563744e-01 2.827129704757889717e-01 9.957718720949516600e-01 2.384780821205173817e-01 4.828395412477407556e-01 6.454862311880692205e-02 4.719721128187782666e-01 7.543022388351172669e-01 4.174876848100572690e-01 7.579291976014837506e-02 1.755672457653098886e-02 1.840730533551397929e-01 2.145118621054613040e-01 5.936815974239905147e-01 1.746298577729442913e-01 2.763698918977353439e-02 3.551993223392892890e-02 2.628274953533520364e-01 2.986747002326359257e-01 7.858894584111991710e-02 4.390004566240095218e-02 2.275262184481587346e-01 2.424306837131388337e-01 0.000000000000000000e+00 1.715461260276736899e-01 3.113759784463362990e-01 2.962966135057948369e-01 3.797849605563838882e-01 2.971802366374770021e-01 4.158501801906094308e-01 2.832871627203774056e-01 4.126517526981179906e-01 1.598562989152150227e-01 4.506507271231446898e-01 1.453087749522428973e-01 1.188545978984562046e-01 3.442517949725535931e-01 3.617435610175102623e-01 0.000000000000000000e+00 2.745701079369033959e-01 6.402914329292186402e-01 7.579826455960160525e-02
0.000000000000000000e+00 2.536695439360039939e-01 6.429459363033025732e-03 6.592958458983632086e-01 1.000000000000000000e+00 3.927628305910311202e-01 9.338145262192008023e-01 9.739559873786916011e-01 9.031662407338156284e-02 0.000000000000000000e+00 4.080873410034528692e-02 4.972828126322367259e-01 6.488856845230500658e-01 9.164358288915865902e-01 1.437697117500179311e-01 7.571649628817558320e-01 2.742042485535408497e-02 0.000000000000000000e+00 4.519970425781214551e-01 0.000000000000000000e+00 2.760798673227619123e-03 5.909770674413306057e-02 0.000000000000000000e+00 2.222222222222222654e-01 0.000000000000000000e+00 1.356679859596871818e-01 3.281827391813059158e-01 8.222743644564944887e-01 8.859276472711297146e-01 9.987069779722230756e-01 9.647331803246653528e-03 2.221861146597202130e-01 6.877080758040751696e-02 5.946882093995116136e-01 0.000000000000000000e+00 1.476225055263672981e-01 0.000000000000000000e+00 1.317272696627086112e-02 2.981240458229625911e-01 0.000000000000000000e+00 1.700979469881422901e-01 2.245521726530988471e-02 1.095914497484314423e-02 9.938837346736187905e-01 1.525120325808834026e-02 8.789119853605465577e-03 1.637211455170952679e-01 2.807718032756111037e-02 1.912040714095814831e-01 0.000000000000000000e+00 0.000000000000000000e+00 1.561962751693607154e-01 5.773502691896258421e-01 0.000000000000000000e+00 7.071067811865474617e-01 1.647751402747524574e-01 3.516856244004497589e-01 0.000000000000000000e+00 8.861720067453627836e-01 4.241944553364764281e-01 2.111285465015860230e-01 0.000000000000000000e+00 3.711402782505190401e-01 1.446815926704898836e-01 8.544600025982741487e-01 2.352941176470588203e-01 1.074639235506813784e-01 4.396787718714283422e-01 1.398147116323699701e-01 1.000000000000000000e+00 4.549429579941999258e-01 1.157593800432340642e-01 0.000000000000000000e+00 2.273526276114032907e-01 0.000000000000000000e+00 5.021546298680348297e-01
5.449132862499134373e-03 1.508970500570557260e-01 2.918784724430583538e-02 1.161619888772496417e-01 8.603475500265714837e-01 4.222767513145698204e-01 5.108567152675956569e-02 5.093026719632214733e-02 9.482974385377415660e-02 1.669580173341606716e-02 7.491386742592417991e-02 2.709634883358418359e-02 8.750766152861237657e-03 1.961687078492075839e-02 1.195727252006240221e-01 3.290358166194512490e-02 9.396139646349399577e-02 2.649064714130087705e-01 8.369656324300310535e-02 2.760798673227619123e-03 0.000000000000000000e+00 8.094238908616824268e-02 5.421365796680657212e-01 7.572152646321299307e-02 3.075146392032110360e-220 1.265366687929916391e-02 9.055255594410113740e-02 2.552161233169412125e-01 1.641676779352580495e-01 9.108715118955007517e-02 2.260871991298837175e-02 6.660177993614403713e-02 8.909865336886033105e-02 2.740455468638598457e-01 0.000000000000000000e+00 8.569674776371122293e-02 2.397725845706099868e-01 6.930325318191701833e-02 4.804127957892204842e-02 5.019557725100413231e-02 1.444345767312719131e-01 2.261118114697798775e-01 7.189132367697596837e-02 3.877833671647405722e-02 5.532350851702311223e-01 5.555758217283971456e-01 1.683186248326977441e-01 2.830538643787304798e-01 3.463599679431655365e-01 2.513933993350135621e-02 1.241989524949635437e-02 1.085989467424091359e-01 3.809523809523809867e-01 0.000000000000000000e+00 6.517127278545009617e-02 1.861308948595524204e-01 7.627198187257938633e-02 0.000000000000000000e+00 9.093640526240384658e-02 7.627400147437707334e-02 3.105486179988964368e-01 7.142857142857141906e-01 1.300899588874774859e-01 2.099514078275113715e-01 2.631358017219138645e-01 2.178028059233951264e-01 8.721111984164559017e-03 4.114189006752961841e-01 1.532218101076972261e-02 0.000000000000000000e+00 2.502364682553086597e-02 3.911904828581597854e-02 0.000000000000000000e+00 5.673944354949852706e-03 3.727337011861205774e-12 5.684212067081961112e-02
