0.000000000000000000e+00 3.060903432427800053e-01 5.657941229477576606e-01 2.485031840404585690e-01 8.283954190974324172e-01 4.783986625078825439e-01 5.353899659385134013e-01 4.211997102146990413e-01 4.348250335633730979e-01 9.393059364744860140e-01 2.742764710908880410e-01 3.824956137362437447e-01 2.638316399699184300e-01 2.766461906564406936e-01 6.751299760125535343e-01 3.068125975463296129e-01 3.606344064419679252e-01 8.090398349558904911e-01 2.240967937774132612e-01 0.000000000000000000e+00 8.002429915507837388e-02 6.456457927681719111e-01 3.908472789700871974e-01 1.758179319570659649e-01 9.258200997725514192e-01 4.652313203467250413e-01 4.864384856902874699e-01 2.739269535577334436e-01 3.834117227354546520e-01 2.355151583170004420e-02 4.918233200377047920e-01 4.244454074602252991e-01 5.565207107127578823e-01 4.223936132465314075e-01 1.480582524271844835e-01 5.211436416404031657e-01 7.557670132987515110e-01 1.052356523903695412e-01 3.257966161408809569e-01 1.562989171673627720e-01 6.745060258384236729e-01 2.799471888898374949e-01 3.957676723426115095e-01 6.998964726756151666e-01 4.934457050656818611e-01 5.606493651325262784e-01 6.638135606762776142e-01 5.835345552264146196e-01 4.752494907277098335e-01 0.000000000000000000e+00 7.449408806795464466e-01 4.122426849754957656e-01 2.456624313463804526e-02 9.958932064677038509e-01 2.601002049291395446e-01 3.777221329884452583e-01 3.871420075445309861e-01 0.000000000000000000e+00 2.580286178176856016e-01 2.857706187625499439e-01 6.437611576278096104e-01 9.647638212377321887e-01 4.644632914589438832e-01 5.585341811491627562e-01 5.382362737432395683e-01 7.137769400792738639e-02 6.071582289507228003e-01 2.263945054573084092e-01 9.456214421735498199e-01 7.678052940357534828e-01 1.029290307783148756e-01 6.418103342893399788e-01 0.000000000000000000e+00 1.500023135242733174e-01 5.363170214699157778e-01 2.993896150537719847e-01
3.060903432427800053e-01 0.000000000000000000e+00 5.112675153302519426e-01 6.989146387471314448e-01 7.307932762179842889e-01 8.545095395306401276e-01 3.677542284129446948e-01 3.704728347620178663e-01 5.746763128672425225e-01 3.576342599788246979e-01 3.779873535534896689e-01 6.383394005693351358e-01 5.465396683018967083e-01 4.469668467157585923e-01 5.184798481835889428e-01 6.371401116441257617e-01 6.525427225549090826e-01 4.308202184276646030e-01 4.840042129319586661e-01 4.794633014853841302e-01 4.613499676062950972e-01 4.159598682464473174e-01 3.370217182669962286e-01 5.133729314766752871e-01 6.396021490668312159e-01 2.866842951882665469e-01 5.870078266253244692e-01 3.695853325200174067e-01 4.916108895896951214e-01 4.513451074455527845e-01 3.361300309740734016e-01 6.548602116471371470e-01 6.149169195061158222e-01 5.426957397031260122e-01 7.356807837947244577e-01 6.312422632630675379e-01 6.488856849414521566e-01 4.650663950537710090e-01 5.867423372946056759e-01 4.534393811849855571e-01 7.336702657349072343e-01 6.238797987073980700e-01 5.114952956994910371e-01 4.205955120960299665e-01 6.571532537241557836e-01 6.964424841815893830e-01 6.316347293924938766e-01 5.559542638485280852e-01 7.532096844046547446e-01 2.851329742561005132e-01 3.268286279662746541e-01 5.359874554245580569e-01 7.680294792817211613e-01 2.182178902359923900e-01 6.552262911090847020e-01 4.657857108333125495e-01 7.161694538858623948e-01 0.000000000000000000e+00 6.924589816496982131e-01 6.346400560983408434e-01 7.357432311648703926e-01 9.163419338230350819e-01 7.059114920578577479e-01 6.471528320201545004e-01 6.895583120686348266e-01 7.161886550233214077e-01 7.248011453748540722e-01 6.851036367907432645e-01 2.999681044329847168e-01 6.285393610547088672e-01 5.264810126112563493e-01 5.938434674701409399e-01 0.000000000000000000e+00 2.550960440419580699e-01 5.070929150119599660e-01 7.210902892601749326e-01
5.657941229477576606e-01 5.112675153302519426e-01 0.000000000000000000e+00 6.428352758798048239e-01 5.595820793736503429e-01 5.413441209783582675e-01 6.295135919359786669e-01 3.168510381566603806e-01 6.250590634524411104e-01 4.541762395432621391e-01 4.316759356490470489e-01 6.103321679433938440e-01 2.438942478098932165e-01 3.930901276782932108e-01 7.156958022926819263e-01 5.172065645285657265e-01 6.134655283565877415e-01 7.344722582151509416e-01 4.823736630709774542e-01 8.306338336023590119e-02 2.296888414563432734e-01 4.717858286491782294e-01 3.794107688914518106e-01 2.197935584018865240e-01 6.910940428053879980e-01 8.022327865487515197e-01 5.834821327666867008e-01 2.970441812879532906e-01 4.741446531970193723e-01 1.666132668846380116e-01 7.044836240087732904e-01 7.762466498810111082e-01 7.130801802345432261e-01 4.068894961638955809e-01 2.713201646430371539e-01 6.227713311563263243e-01 4.971785720931278796e-01 3.321469068676087266e-01 6.016527951077639269e-01 5.038338235348126526e-01 6.733792914840480703e-01 5.085658400875840979e-01 6.358149633095260267e-01 2.539494827194659354e-01 2.328073807805023931e-01 6.138207736424574623e-01 7.564096664469641684e-01 3.473927565888079161e-01 6.306770773274695818e-01 2.236012723795831048e-01 6.501102982252927598e-01 4.896932392382125632e-01 3.353463808111078470e-01 3.112507643149268199e-01 5.029167329315483714e-01 5.733347649844884319e-01 6.871371847304688085e-01 0.000000000000000000e+00 5.798627928615381899e-01 6.277201185959335739e-01 6.603516751782001482e-01 8.035586610441892708e-01 5.901810963165522450e-01 7.047946984536637149e-01 5.234086680683618376e-01 2.746593727225288273e-01 5.010387310636055247e-01 5.379750865482019195e-01 3.898487869984749166e-01 5.146747785555171317e-01 4.495671757562931803e-01 3.841727028626361617e-01 0.000000000000000000e+00 5.470660285762767305e-01 5.380350915358496078e-01 3.727047950648316732e-01
2.485031840404585690e-01 6.989146387471314448e-01 6.428352758798048239e-01 0.000000000000000000e+00 7.709563761143738425e-01 5.702555963015116802e-01 7.864280638615614993e-01 4.931099123107905990e-01 7.120690010067087794e-01 3.146729134945540629e-01 4.080801956384386697e-01 7.909300671806491767e-01 2.168088533215118408e-01 5.025114953435880771e-01 5.347156509076838038e-01 6.964541656836136241e-01 6.415232421516783301e-01 3.557654250442329191e-01 7.318157965843179458e-01 6.694392175988153060e-01 2.766218344348807534e-01 5.068716258904559790e-01 3.918677297790866820e-01 3.769080265946929131e-01 8.765009801785552668e-01 5.924864170231626259e-01 6.369471968798067207e-01 4.461995509342151500e-01 5.969617944027932888e-01 2.228863059356655518e-01 4.902019893872675005e-01 5.653240236639205385e-01 5.846414851168442173e-01 4.369098909447881041e-01 3.918332263531060788e-01 5.678947351866784343e-01 2.803998753997547499e-01 4.523200874110079317e-01 8.022513326373233999e-01 3.398242928513915961e-01 6.921293424687552376e-01 7.782329579633564531e-01 5.715956242381992070e-01 5.762477182566151379e-01 5.455845046778694529e-01 6.053761291256103405e-01 6.480515756995924859e-01 4.679167611992994802e-01 5.984932800661341146e-01 2.605842192811104185e-01 3.264659841317060218e-01 4.034063141086273729e-01 5.337560136718048076e-01 5.976132386875533387e-01 4.593364785822015572e-01 6.081438841235695669e-01 7.249980376739900700e-01 0.000000000000000000e+00 6.915386647520443963e-01 7.232243469141519387e-01 6.997054108923448368e-01 7.370307223679930519e-01 6.051648100566660027e-01 7.875217843261985706e-01 6.392950238585972667e-01 5.164800310409893846e-01 5.947324448501905003e-01 6.574533697899036522e-01 2.569030351834803438e-01 3.623276265778102023e-01 4.472175843104198023e-01 4.900977215232140694e-01 0.000000000000000000e+00 6.047995636279978049e-01 5.875396529713197147e-01 4.552502504240760750e-01
8.283954190974324172e-01 7.307932762179842889e-01 5.595820793736503429e-01 7.709563761143738425e-01 0.000000000000000000e+00 8.279315624992078515e-01 6.133779733570354775e-01 7.644582281734801921e-01 6.202882374666027765e-01 2.891375583758307166e-01 6.608961484279278764e-01 5.167405817253500899e-01 4.998795464137070765e-01 2.289941650344301804e-01 6.386005174726944178e-01 6.123515334893179229e-01 6.856591317435067889e-01 9.847835588179367772e-01 7.637584233427445746e-01 1.000000000000000000e+00 6.346743712680608107e-01 3.779722502960375374e-01 9.815489870809550599e-01 4.346307207643810289e-01 9.999999999999997780e-01 6.235766658542734042e-01 5.662490861589328794e-01 7.837797225778772026e-01 4.038435973991597594e-01 2.790082856586306170e-01 6.950710305348856144e-01 5.729910491769255598e-01 5.756376724690116520e-01 4.158037040557880371e-01 6.259419633706284625e-01 5.876207035803561185e-01 8.177354406553699606e-01 6.085533651402984523e-01 7.683225880503123939e-01 3.298895055203769633e-02 7.895803175618962833e-01 7.430963869567641655e-01 7.075008375284099760e-01 5.793241220216576171e-01 5.643549354975714305e-01 8.217257685810591683e-01 6.659777795639569842e-01 2.519347782712469397e-01 2.510057726848303750e-01 6.074567392307869129e-01 4.582998195905833017e-01 6.545853966034362870e-01 5.253824731331011577e-01 1.000000000000000000e+00 7.027196057984319566e-01 6.790755308973706050e-01 7.124393642898168011e-01 0.000000000000000000e+00 7.518996575407111971e-01 5.608547360397528880e-01 9.165268776762487413e-01 8.944271909999158554e-01 7.220104660107444783e-01 8.333668122600539352e-01 5.614967995342621254e-01 3.016417983835766314e-01 5.157654947179043381e-01 0.000000000000000000e+00 4.500598874411789740e-01 5.151763238786726262e-01 5.153317830584598358e-01 6.912209038764882685e-01 0.000000000000000000e+00 4.093705734868831603e-01 7.470749408013630521e-01 6.609277451234795153e-01
4.783986625078825439e-01 8.545095395306401276e-01 5.413441209783582675e-01 5.702555963015116802e-01 8.279315624992078515e-01 0.000000000000000000e+00 2.428469029300480142e-01 3.272858397072788139e-01 6.428404481166668516e-01 4.556454564185701273e-01 4.795950710726962218e-01 6.569113453632932087e-01 1.280401325856259376e-01 2.478026731894213408e-01 7.768264987077404538e-01 7.198515421248645740e-01 8.748270544098536439e-01 9.647638212377320777e-01 7.106434967329122721e-01 7.474093186836596736e-01 4.253287230050015744e-01 7.675893624261012071e-01 5.999804091228132519e-01 2.446094744973105195e-01 7.205766921228919930e-01 6.384217820966751056e-01 6.370903589778549314e-01 6.223783277893195631e-01 5.406363149675721402e-01 4.391093422443070327e-01 6.805732413588153618e-01 6.297829345355464570e-01 6.929131972016107088e-01 6.408996663339172617e-01 8.809277528057198881e-01 6.218798693166885938e-01 7.803668212389658354e-01 4.975528321309327096e-01 7.085888955119912236e-01 0.000000000000000000e+00 7.791822509277981368e-01 6.131793030449061987e-01 6.547398403109829790e-01 7.548294124240688685e-01 7.579558577579450507e-01 8.523733033273265258e-01 6.119230164095046387e-01 3.963675465022324929e-01 5.152889396760323981e-01 8.180959881038618597e-01 4.297159502561165301e-01 5.877020694983879912e-01 6.082287370157644091e-01 0.000000000000000000e+00 5.192777582796150870e-01 3.063332342572865352e-01 6.175273056450822917e-01 0.000000000000000000e+00 6.530417466579800934e-01 6.525055610371383041e-01 8.514049340796359111e-01 8.807048459279793740e-01 5.969305332252711205e-01 5.901922283382017298e-01 6.337400766936989172e-01 4.595117223292441988e-01 8.660254037844385966e-01 0.000000000000000000e+00 7.915044472021801614e-01 2.873478855663453846e-01 5.121916156225503336e-01 8.526215823875422650e-01 0.000000000000000000e+00 3.530948792510599232e-01 6.396022033660263562e-01 7.357491078336236834e-01
5.353899659385134013e-01 3.677542284129446948e-01 6.295135919359786669e-01 7.864280638615614993e-01 6.133779733570354775e-01 2.428469029300480142e-01 0.000000000000000000e+00 2.929929276446713304e-01 7.583459383907055207e-01 4.568283347067108591e-01 5.409764484987035216e-01 5.226477647977919583e-01 3.483109068200969660e-01 3.005810012608823856e-01 4.553193667318198856e-01 4.316476420808179615e-01 4.705362714116828604e-01 1.643989873053572914e-01 4.491082696507601169e-01 9.625334218796217645e-01 2.369518382094047970e-01 3.837136545410885224e-01 8.584686634666141014e-01 4.758918053576131624e-01 7.380249664231079976e-01 5.335427314082413774e-01 5.853448961139215978e-01 5.383040203058755413e-01 6.064467164309703673e-01 3.039153111941574337e-01 6.121382717108446725e-01 4.653779418138418444e-01 5.743643764780083094e-01 4.305955723456134088e-01 2.255567471525873890e-01 6.813599909921677078e-01 3.720459538627340912e-01 2.553249496276119301e-01 7.726761539179487492e-01 2.456773323066801240e-01 7.124847669803008321e-01 6.888437673313387855e-01 4.891753617323018055e-01 4.841821247344004764e-01 2.753123132586410282e-01 5.257558929182022389e-01 7.094768325295676137e-01 5.427517370355104953e-01 5.437839992477745410e-01 1.908415524195195001e-01 6.259900417433914566e-01 3.427196251310724029e-01 3.632415786283895165e-01 9.726339349870894990e-01 4.712122721818652882e-01 5.534111787113380476e-01 5.289635014447902073e-01 0.000000000000000000e+00 5.200547272896532958e-01 6.405215274538879067e-01 5.388022955843989603e-01 4.829171308039097998e-01 4.006072025191649288e-01 8.289335124691741274e-01 6.513430462761014006e-01 2.564236329050374463e-01 8.209220690651830576e-01 5.270462766947298094e-01 7.186442452403880576e-01 3.885143449429056539e-01 3.785490136199834432e-01 3.045397831076723238e-01 0.000000000000000000e+00 7.072188217988298886e-01 2.710687870247834308e-01 2.947491755443875094e-01
4.211997102146990413e-01 3.704728347620178663e-01 3.168510381566603806e-01 4.931099123107905990e-01 7.644582281734801921e-01 3.272858397072788139e-01 2.929929276446713304e-01 0.000000000000000000e+00 2.544851040998266090e-01 5.212260964881059166e-01 4.272513200045593984e-01 6.642893767044725228e-01 4.872274074641743113e-01 6.082693209182491456e-01 2.862678603288841273e-01 4.375052519064554502e-01 5.952896026637384264e-01 5.669467095138407409e-01 4.701292820541321804e-01 9.409290585807806861e-01 2.618565018291525437e-01 3.743211441663475414e-01 3.530799597807716683e-01 1.628708841212281044e-01 8.944271909999158554e-01 3.365777511535822386e-01 5.699403328853097639e-01 4.686720565695154939e-01 2.594354933180063050e-01 1.801636187407242573e-01 2.246618302284498492e-01 3.442061516687580092e-01 3.746991782314603725e-01 2.310582416230007596e-01 6.726999721460172887e-01 3.547586308171445380e-01 7.526136800308675934e-01 1.315687720786771486e-01 4.870321339265213934e-01 4.276951804617906694e-01 5.538695564905976587e-01 7.405943677854491813e-01 3.174597971228658722e-01 5.580640851321246876e-01 4.902248489720101299e-01 1.893774752217564639e-01 5.369815982019825462e-01 3.806289096188362198e-01 4.270317934552849692e-01 3.021660931112009063e-01 2.019832715518204980e-01 1.935429650576785676e-01 5.041841733655161306e-01 7.858014657097898148e-01 2.158296184578996635e-01 3.247723664754034179e-01 4.315124817591210471e-01 0.000000000000000000e+00 5.373068658674284848e-01 4.789897221674227490e-01 4.953575088732832254e-01 7.870165295555070495e-01 5.978354689888296658e-01 4.719459314064046729e-01 4.770556789445389301e-01 1.593257451377244338e-01 4.348246321109134338e-01 5.584537836886409590e-01 2.267206486312269287e-01 8.393969001392027618e-01 2.419210084692028362e-01 5.918230961723792705e-01 0.000000000000000000e+00 2.428599759828019844e-01 9.218674663176648632e-02 3.867503703571143481e-01
4.348250335633730979e-01 5.746763128672425225e-01 6.250590634524411104e-01 7.120690010067087794e-01 6.202882374666027765e-01 6.428404481166668516e-01 7.583459383907055207e-01 2.544851040998266090e-01 0.000000000000000000e+00 6.704946794069144289e-01 4.945753898620923739e-01 6.841942703083174759e-01 2.757644521733957355e-01 4.091162913243670540e-01 4.586166726987143116e-01 4.964459443343369749e-01 6.800099277707113421e-01 5.863954716083739083e-01 7.088693483036281329e-01 3.771105759533296409e-01 3.584193951128271660e-01 5.687517899515175390e-01 4.925785773195097139e-01 3.219477315563019082e-01 6.999999999999999556e-01 5.963082808886688291e-01 4.577726221841399434e-01 4.474958010358905391e-01 4.932490270743380423e-01 6.670209593303279005e-01 4.272377992804412550e-01 7.841832177353100786e-01 5.186552923469188725e-01 5.143877551954673111e-01 3.744856521672396132e-01 5.552626024009635897e-01 7.742095612481686429e-01 2.778156692677569706e-01 6.192303987193832349e-01 4.795683550623990876e-01 7.464881945043365663e-01 5.377239835567215742e-01 5.375935633904662669e-01 4.446345583408635171e-01 2.964336966431547760e-01 6.487014105095298966e-01 6.176508254243688878e-01 3.250239034646827396e-01 5.213388633343186696e-01 1.545849396508484352e-01 1.546585996141649211e-01 3.293026894415591044e-01 6.218956278932188386e-01 2.339624114671406407e-01 5.789400639385187120e-01 4.535825650748945836e-01 6.751324254964263805e-01 0.000000000000000000e+00 5.152836224261957421e-01 5.825451756372470591e-01 5.908998774585295655e-01 9.557896392964646548e-01 6.942330974924900699e-01 7.613373233760769576e-01 4.551009073874535682e-01 4.024133079757659104e-01 2.004138300485246715e-01 5.533167449931866155e-01 5.862575009062663822e-01 5.846048007134413416e-01 7.989374348262809900e-01 4.213669397554947738e-01 0.000000000000000000e+00 6.642792298019362107e-01 2.925227650384381040e-01 3.867713187894341598e-01
9.393059364744860140e-01 3.576342599788246979e-01 4.541762395432621391e-01 3.146729134945540629e-01 2.891375583758307166e-01 4.556454564185701273e-01 4.568283347067108591e-01 5.212260964881059166e-01 6.704946794069144289e-01 0.000000000000000000e+00 2.495100367349291082e-01 4.455408557037691675e-01 7.479201992379777564e-02 1.341021235805015532e-01 4.541263247569494732e-01 1.623104691216367967e-01 3.067199440523872833e-01 8.901981971385244385e-01 3.804982393494702464e-01 0.000000000000000000e+00 1.263208002491396642e-01 7.683667012016202058e-01 3.465385328954335709e-01 2.582468064015120968e-01 7.761505257063326946e-01 9.854681466722123306e-02 4.380501566599376284e-01 4.490575180581071746e-01 6.395684993089286730e-01 7.647191129018725275e-02 2.908135507473787462e-01 3.778926283245820916e-01 4.494804681735814489e-01 5.166860703970587165e-01 2.130545668976586982e-01 3.045029500807805434e-01 8.749386381569206339e-01 2.894966161498929713e-01 4.056384549438544207e-01 1.252327296556444147e-01 8.594002510099221226e-01 3.694591439938985089e-01 2.941043840043667257e-01 6.815542010964776853e-01 3.894719625971388988e-01 6.591732329333801488e-01 5.373193514165727214e-01 6.631391212671114976e-01 4.511806426168409323e-01 0.000000000000000000e+00 3.034836112860677670e-01 3.776390088730156025e-01 0.000000000000000000e+00 9.987523388778446476e-01 3.884014212376834529e-01 3.200816237376842843e-01 3.639081755131718943e-01 0.000000000000000000e+00 3.332643884200428008e-01 3.437393800724254378e-01 6.659362679458689094e-01 9.647638212377321887e-01 6.046356755810318173e-01 7.754291192464622950e-01 6.265765902593339876e-01 6.854301009605540118e-02 7.037265860050549993e-01 4.853917417214449470e-01 7.288700647958714640e-01 7.356986374117211458e-01 2.395185435458750678e-01 8.193600726428224013e-01 0.000000000000000000e+00 2.127609964031649814e-01 2.883875361176228558e-01 2.979554859895333641e-01
2.742764710908880410e-01 3.779873535534896689e-01 4.316759356490470489e-01 4.080801956384386697e-01 6.608961484279278764e-01 4.795950710726962218e-01 5.409764484987035216e-01 4.272513200045593984e-01 4.945753898620923739e-01 2.495100367349291082e-01 0.000000000000000000e+00 5.631022797264622071e-01 6.352283562329459343e-01 2.775229707213836550e-01 5.537551027134470782e-01 4.129054070467358950e-01 4.239423051417721688e-01 9.269962426559805735e-01 3.963359758226787655e-01 2.263393651062963197e-01 2.912321649905532661e-01 2.975308222082788667e-01 7.757461777356616794e-01 2.297519306000581074e-01 2.057933612132491485e-01 4.882107963332512623e-01 7.138103461220552948e-01 4.678497961192659149e-01 3.124994572236167167e-01 1.676876499330672843e-01 6.140977367504774076e-01 5.611030242483499020e-01 5.770096225247716148e-01 2.313093411435103997e-01 3.867730476151161612e-01 5.930770458816849722e-01 8.977529104560098006e-01 2.449212354387266255e-01 3.609418672694269525e-01 2.305830310792270910e-01 3.333369536373014252e-01 3.280157872783575623e-01 6.806303101508111020e-01 3.962969619506085395e-01 3.308820367323808687e-01 5.625529955528995041e-01 5.152903443869266686e-01 1.494337474786434083e-01 2.873177036606168189e-01 3.746856830981506459e-01 4.043111578235336068e-01 2.827641843831197876e-01 4.499461766502376725e-01 4.738791022072739723e-01 4.938665522630854010e-01 5.304417400701546548e-01 6.624961379389512350e-01 0.000000000000000000e+00 4.258295083827920990e-01 6.557171225932253433e-01 5.992408247163952817e-01 5.378341163622514243e-01 5.481507689407696393e-01 5.258847976927624179e-01 3.690448562829009571e-01 4.257962553678424911e-01 3.745273890297485808e-01 1.986723285211947354e-01 1.851863895061716669e-01 1.736760922006672647e-01 4.763599419759326214e-01 4.477441182571606504e-01 0.000000000000000000e+00 2.560584857881071930e-01 3.308762255862225388e-01 3.260275456761520529e-01
3.824956137362437447e-01 6.383394005693351358e-01 6.103321679433938440e-01 7.909300671806491767e-01 5.167405817253500899e-01 6.569113453632932087e-01 5.226477647977919583e-01 6.642893767044725228e-01 6.841942703083174759e-01 4.455408557037691675e-01 5.631022797264622071e-01 0.000000000000000000e+00 1.976097329448505968e-01 6.045658418952664093e-01 5.485115440544033882e-01 7.324758552674076606e-01 6.475071886125676190e-01 5.346954189677773917e-01 7.136611992552741590e-01 7.216317045906665006e-01 1.867845813264227828e-01 5.267045077174018486e-01 5.441194573512428967e-01 2.705875021198116404e-01 5.202609664996271643e-01 6.192184836608779497e-01 7.205238031569658474e-01 3.206652374637250502e-01 4.473654010114854751e-01 2.751471324006460328e-01 4.933060953135819382e-01 6.090359976811718923e-01 6.261864051476440096e-01 3.641972993818844428e-01 6.909760777124516196e-01 5.794096783614892665e-01 7.404100327754572497e-01 3.876983309527105570e-01 6.550738202385775200e-01 4.638290923754299078e-01 5.798700240130140182e-01 7.353718141706089284e-01 5.767187731735663458e-01 3.862627521185422186e-01 2.875539339514311399e-01 4.686951633424236707e-01 6.029010390170554956e-01 4.944924173405434997e-01 5.031833480531179292e-01 2.887782881212763719e-01 3.464858791067171317e-01 2.673798747074755400e-01 6.042639863486677365e-01 1.994429986300321755e-01 4.692479570664981892e-01 5.919736216123354655e-01 7.518299851495482411e-01 0.000000000000000000e+00 6.639951485240515039e-01 6.998358726943290087e-01 5.710357344660015322e-01 9.000974752253327882e-01 5.914172264437257409e-01 6.837789084553221874e-01 5.471941928230859009e-01 5.137760734443267419e-01 6.884543620458029034e-01 4.256435624310320742e-01 3.885960839742749195e-01 2.909115984760111129e-01 5.448678775381811112e-01 6.606635622478546077e-01 0.000000000000000000e+00 5.197056360803100628e-01 3.454486245488018192e-01 4.898452120102314566e-01
2.638316399699184300e-01 5.465396683018967083e-01 2.438942478098932165e-01 2.168088533215118408e-01 4.998795464137070765e-01 1.280401325856259376e-01 3.483109068200969660e-01 4.872274074641743113e-01 2.757644521733957355e-01 7.479201992379777564e-02 6.352283562329459343e-01 1.976097329448505968e-01 0.000000000000000000e+00 6.015399503360621125e-01 2.753086226384626745e-01 2.511188057034954291e-01 1.955007972783145975e-01 0.000000000000000000e+00 4.918377144677962276e-01 5.345224838248486821e-01 5.207556439232955553e-02 9.432954882390345852e-02 4.707565417620042103e-01 5.879447357921312456e-01 7.071067811865474617e-01 4.719929187584874231e-01 1.529760756476861716e-01 4.006950148065644979e-01 4.352099127679019963e-01 2.964997266644404661e-01 6.610483223879646264e-01 6.470075612319627911e-01 4.921751817625664716e-01 4.236074579976430998e-01 7.049073768502413240e-02 3.221636580740838696e-01 3.354723235232293099e-01 4.773606606749283138e-02 3.939872332694338564e-01 0.000000000000000000e+00 4.936268263247487464e-01 1.611360835161645966e-01 2.959657368752494078e-01 0.000000000000000000e+00 2.399881140642021737e-01 5.067686765393217829e-01 1.405580186059152137e-01 1.712075217502898594e-01 6.388372184686391675e-01 0.000000000000000000e+00 2.178373808323217919e-01 1.538260004494643174e-01 4.472135954999579277e-01 9.918365981341754622e-01 4.940907717057914095e-01 1.437920284353137179e-01 3.129806686753282552e-01 0.000000000000000000e+00 2.447968869349542720e-01 1.484085717333638310e-01 5.540912115232168311e-01 0.000000000000000000e+00 3.276863308860149537e-01 5.295271681252307072e-01 1.626500121580888858e-01 4.848952125963288395e-01 1.914589238798543591e-01 4.588314677411234888e-01 7.724672854769096264e-02 3.596225943100483380e-01 6.859245370246427331e-01 1.933205728172556759e-01 0.000000000000000000e+00 2.108755426039123915e-01 5.590169943749446757e-01 4.477004912299007988e-01
2.766461906564406936e-01 4.469668467157585923e-01 3.930901276782932108e-01 5.025114953435880771e-01 2.289941650344301804e-01 2.478026731894213408e-01 3.005810012608823856e-01 6.082693209182491456e-01 4.091162913243670540e-01 1.341021235805015532e-01 2.775229707213836550e-01 6.045658418952664093e-01 6.015399503360621125e-01 0.000000000000000000e+00 4.627952672186452787e-01 4.008170546932544598e-01 7.038375787730164479e-01 4.800153607373193188e-01 4.824942253235917078e-01 7.559289460184543952e-01 1.471118578358454609e-01 2.209333623082334330e-01 7.336133356595021526e-01 5.267723135873045859e-01 6.434722207703256619e-193 3.663489504200175828e-01 4.953592956629821464e-01 1.675540047237387142e-01 2.917995475665643434e-01 3.014639334060612019e-01 5.491387371291933661e-01 4.671127122261313214e-01 3.613458072066179083e-01 3.093646106808969343e-01 2.096569673443836601e-01 3.503704724921666847e-01 2.747665020968027005e-01 2.704930278735532267e-01 4.425482439906271437e-01 6.166646751220701272e-01 5.766872892818727392e-01 5.644067192876619510e-01 4.619972176256412766e-01 2.927700218845599722e-01 2.366330754560657945e-01 3.131169467951959162e-01 4.625825804865291713e-01 4.017269168058685835e-01 3.273659385915050346e-01 8.572408331227328315e-02 2.029007906600546751e-01 2.201952705872645411e-01 4.975936608349778023e-01 3.310952433218815605e-01 3.123903316337520719e-01 2.439368231459008440e-01 5.608664969118239974e-01 0.000000000000000000e+00 5.412313799648995616e-01 3.926431714412909058e-01 4.526776622180722631e-01 8.720815992723811583e-01 4.998864671773622925e-01 3.579827770476625148e-01 3.186697111552022621e-01 2.449759703630725316e-01 4.075348380430254269e-01 5.713414248575485743e-01 2.443087470051894528e-01 6.573757351339164501e-01 4.824766338363122853e-01 4.851645240375839219e-01 0.000000000000000000e+00 2.214634128237733257e-01 3.179457786974198563e-01 3.763573340173594906e-01
6.751299760125535343e-01 5.184798481835889428e-01 7.156958022926819263e-01 5.347156509076838038e-01 6.386005174726944178e-01 7.768264987077404538e-01 4.553193667318198856e-01 2.862678603288841273e-01 4.586166726987143116e-01 4.541263247569494732e-01 5.537551027134470782e-01 5.485115440544033882e-01 2.753086226384626745e-01 4.627952672186452787e-01 0.000000000000000000e+00 5.362640164581532476e-01 6.079863203374733516e-01 7.535334670773540244e-01 5.655651543298456652e-01 3.655560046861724421e-01 2.613170986653106653e-01 3.823905582976228068e-01 7.277986565055403201e-01 4.875515932492147653e-01 4.481290772674486611e-01 5.959808606572937206e-01 6.370874837986845174e-01 5.640082299827804402e-01 6.073579070877224151e-01 3.199565814066089309e-01 6.897972408309926973e-01 6.252867843777292212e-01 7.104559623472287422e-01 5.206917687135216299e-01 4.792424196967973726e-01 6.412707354959347184e-01 6.783175124298115310e-01 2.722350603845662409e-01 6.148714172969990122e-01 1.907482068523385088e-01 7.475515432990729181e-01 4.776759068761169402e-01 6.810336019876089830e-01 7.758598154783782341e-01 7.037388159815362032e-01 6.652628519870524837e-01 7.891934754420847353e-01 4.490998250810050441e-01 5.895526801908794745e-01 3.883122122069534998e-01 6.110429304537705608e-01 7.446433160031611376e-01 3.774490646674983907e-01 5.809474607920920297e-01 3.710137390720137929e-01 4.643435542800882776e-01 6.697126771440058413e-01 0.000000000000000000e+00 5.531820439645975807e-01 6.617773876272439182e-01 7.915875201239064296e-01 6.785714285714284921e-01 6.172479661993069966e-01 6.282832971344333162e-01 5.715888516888084636e-01 4.836117834074102895e-01 3.981718252136652869e-01 4.345272707857960048e-01 4.430284887441066632e-01 4.391245275372550605e-01 3.808912286908878175e-01 3.664827644706423748e-01 0.000000000000000000e+00 3.727592154542219149e-01 6.505477777749216761e-01 4.256648700765794935e-01
3.068125975463296129e-01 6.371401116441257617e-01 5.172065645285657265e-01 6.964541656836136241e-01 6.123515334893179229e-01 7.198515421248645740e-01 4.316476420808179615e-01 4.375052519064554502e-01 4.964459443343369749e-01 1.623104691216367967e-01 4.129054070467358950e-01 7.324758552674076606e-01 2.511188057034954291e-01 4.008170546932544598e-01 5.362640164581532476e-01 0.000000000000000000e+00 6.626814860965810627e-01 6.103001034050511420e-01 5.714755199472995040e-01 7.233167028341163096e-01 2.010136028518182960e-01 3.026257443609962627e-01 2.400393164088481801e-01 4.330670936399394488e-01 2.932942300427066051e-01 6.427045369734529778e-01 5.360345875213007316e-01 4.196564800916369742e-01 4.402135664121238356e-01 2.837064302982572617e-01 3.370103966712791888e-01 5.551220830151513130e-01 5.974889518236848884e-01 3.658390946147110356e-01 5.901785264970924594e-01 5.008551847688920144e-01 8.915226520262060639e-01 1.169848517114728259e-01 6.976222079182178293e-01 1.821310523926942537e-01 4.975643634855243524e-01 6.861423783291109579e-01 5.099694797461520324e-01 4.154548588306886669e-01 3.452882698730201927e-01 4.873340388995084371e-01 7.120282701662192792e-01 3.548980362373261865e-01 6.184902634061961724e-01 2.540867857408938280e-01 3.010576273873471487e-01 4.297911201720310825e-01 6.074819484047815354e-01 6.674426174687244639e-01 4.565096131544164049e-01 6.478637337178334565e-01 6.454692393260144101e-01 0.000000000000000000e+00 5.591786239232164890e-01 6.211040254989822484e-01 5.521579505190188364e-01 6.428123937141192457e-01 5.034936020349980446e-01 6.665709372824095702e-01 5.594860822691889446e-01 6.156158357073484577e-01 3.852556544841987396e-01 2.798423814906556562e-01 5.153738133597398630e-01 1.748476416804744804e-01 5.893740183841233993e-01 6.122215887385580313e-01 0.000000000000000000e+00 4.914085929645555240e-01 5.204854655487298754e-01 4.904453472851815765e-01
3.606344064419679252e-01 6.525427225549090826e-01 6.134655283565877415e-01 6.415232421516783301e-01 6.856591317435067889e-01 8.748270544098536439e-01 4.705362714116828604e-01 5.952896026637384264e-01 6.800099277707113421e-01 3.067199440523872833e-01 4.239423051417721688e-01 6.475071886125676190e-01 1.955007972783145975e-01 7.038375787730164479e-01 6.079863203374733516e-01 6.626814860965810627e-01 0.000000000000000000e+00 7.078383972965656135e-01 4.939032864611178630e-01 1.474419561548971358e-01 2.829406327519076170e-01 4.408682869688382300e-01 5.247875999057999286e-01 6.038741305019095229e-01 9.810229431759451835e-01 6.187302256919864352e-01 5.603492901761149003e-01 3.966932280248697262e-01 7.105387301266521405e-01 6.375982524533232443e-01 6.918679712301458729e-01 6.072439082105465236e-01 6.109565636384725051e-01 6.527033594191303800e-01 6.657614840812848822e-01 4.816908953251639591e-01 3.706245538024418584e-01 3.415781135918427025e-01 6.532503436661096785e-01 5.380065437602905565e-01 7.507581461188748140e-01 5.946043262320052092e-01 5.818389554602232394e-01 7.832359344102433063e-01 7.863398556170841935e-01 7.590693262709190536e-01 6.367989208899274001e-01 2.582187596067270774e-01 6.797531236435117030e-01 9.940534656094300592e-02 3.972176597197170644e-01 7.079147171947842709e-01 1.945195050318548891e-01 1.235309478965545410e-01 4.406197438402955635e-01 3.550563444374340571e-01 8.043852090911494113e-01 0.000000000000000000e+00 5.697765888756110009e-01 5.617499099454003053e-01 6.355647905933428099e-01 9.418806228028839822e-01 5.010721015523325050e-01 6.041164122876512277e-01 6.340986178640085624e-01 5.946353169977330877e-01 7.329967439971762921e-01 3.647620903073166554e-01 3.819686498849276246e-01 6.570525562495048710e-01 4.497826990830262606e-01 4.324485493883520326e-01 0.000000000000000000e+00 3.955562827555809680e-01 6.077938413825356712e-01 3.364347944419997516e-01
8.090398349558904911e-01 4.308202184276646030e-01 7.344722582151509416e-01 3.557654250442329191e-01 9.847835588179367772e-01 9.647638212377320777e-01 1.643989873053572914e-01 5.669467095138407409e-01 5.863954716083739083e-01 8.901981971385244385e-01 9.269962426559805735e-01 5.346954189677773917e-01 0.000000000000000000e+00 4.800153607373193188e-01 7.535334670773540244e-01 6.103001034050511420e-01 7.078383972965656135e-01 0.000000000000000000e+00 2.664022178261810092e-01 0.000000000000000000e+00 4.364357804719847800e-01 8.068001483504834148e-01 0.000000000000000000e+00 5.163977794943223065e-01 1.000000000000000000e+00 2.860387767736776721e-01 6.023570255463958079e-01 4.589925460215784625e-01 4.662002638463240700e-01 4.444783184923152830e-01 8.637620888113304307e-01 7.139911606516374798e-01 6.094488772391964959e-01 1.813970537080011602e-01 4.472135954999579277e-01 7.748605635097496336e-01 0.000000000000000000e+00 1.810541441686714381e-01 6.734350297014737308e-01 0.000000000000000000e+00 7.935881062140832665e-01 3.011751105053813160e-01 8.827131297584489555e-01 8.944271909999158554e-01 7.434609000793622746e-01 5.753937458423433737e-01 8.150469844163302779e-01 4.737793696791343240e-02 5.348158665209448159e-01 0.000000000000000000e+00 8.407097006631708558e-01 7.208885625950238740e-01 3.779644730092271976e-01 0.000000000000000000e+00 5.100613704506706814e-01 8.586296628693790289e-01 6.988459044322259395e-01 0.000000000000000000e+00 5.982300846395924854e-01 5.187364680427504204e-01 8.219654452456131022e-01 0.000000000000000000e+00 6.047431568147634273e-01 9.016377541640250293e-01 4.364357804719847245e-01 1.290994448735805766e-01 4.041451884327380562e-01 0.000000000000000000e+00 9.938837346736187905e-01 0.000000000000000000e+00 4.442659820127156656e-01 4.950737714883371998e-01 0.000000000000000000e+00 2.108185105662580550e-01 8.944272506612063189e-01 5.669467095138407409e-01
2.240967937774132612e-01 4.840042129319586661e-01 4.823736630709774542e-01 7.318157965843179458e-01 7.637584233427445746e-01 7.106434967329122721e-01 4.491082696507601169e-01 4.701292820541321804e-01 7.088693483036281329e-01 3.804982393494702464e-01 3.963359758226787655e-01 7.136611992552741590e-01 4.918377144677962276e-01 4.824942253235917078e-01 5.655651543298456652e-01 5.714755199472995040e-01 4.939032864611178630e-01 2.664022178261810092e-01 0.000000000000000000e+00 6.369364633998941816e-01 2.210795853857500659e-01 4.888030545363055701e-01 4.448805768401237204e-01 3.490712337156011147e-01 2.443413348095703208e-01 6.721960160494337977e-01 5.517633191560146200e-01 4.923261892172110521e-01 5.964986504243041665e-01 6.343583735154219028e-01 3.181767412920215032e-01 5.395388460760655036e-01 3.726525616435248933e-01 3.437995640579544210e-01 4.259435006919091160e-01 5.965849034946422158e-01 9.732474086750928510e-01 4.791645476289269068e-01 6.931034508943325623e-01 2.328225931346495914e-01 6.654690980432147462e-01 7.711083748977834995e-01 5.678283410998450353e-01 3.111347405391506893e-01 2.410278319555472781e-01 4.159784752145959663e-01 5.240511843458999230e-01 5.415629662010993384e-01 4.381094042693107204e-01 1.388779933741296491e-01 2.853813091391138590e-01 5.278366143424251256e-01 5.766536953184933090e-01 2.995353165813651741e-01 2.812990266703672138e-01 5.359795480762385989e-01 5.808021376430319016e-01 0.000000000000000000e+00 5.128416680590942578e-01 6.799541619910974832e-01 6.116068213405455589e-01 6.815064623325726156e-01 6.072558666154582729e-01 6.713668240446377666e-01 5.366653728847032845e-01 6.149104990396943027e-01 5.042231784458238719e-01 5.551634252439202610e-01 4.652213969831661133e-01 3.166210239809055249e-01 6.118776505075573802e-01 6.587227664118711079e-01 0.000000000000000000e+00 5.033266738221369163e-01 5.496907776595246764e-01 3.332493650181756473e-01
0.000000000000000000e+00 4.794633014853841302e-01 8.306338336023590119e-02 6.694392175988153060e-01 1.000000000000000000e+00 7.474093186836596736e-01 9.625334218796217645e-01 9.409290585807806861e-01 3.771105759533296409e-01 0.000000000000000000e+00 2.263393651062963197e-01 7.216317045906665006e-01 5.345224838248486821e-01 7.559289460184543952e-01 3.655560046861724421e-01 7.233167028341163096e-01 1.474419561548971358e-01 0.000000000000000000e+00 6.369364633998941816e-01 0.000000000000000000e+00 3.883678186903086887e-02 3.255827710225918104e-01 0.000000000000000000e+00 3.333333333333334259e-01 0.000000000000000000e+00 4.759225895543034435e-01 4.219098121001111923e-01 7.969708913291728702e-01 7.722810427122260846e-01 9.704949588309457198e-01 8.545951791493631988e-02 4.466273576990945626e-01 3.181931991046773600e-01 6.401358334810660633e-01 0.000000000000000000e+00 4.394860837269012332e-01 0.000000000000000000e+00 8.606629658238704184e-02 5.601120336112038745e-01 0.000000000000000000e+00 3.225965320395431934e-01 1.964185503295965418e-01 1.274836184319023680e-01 9.486832980505137680e-01 1.427317207416796685e-01 8.907913955617866031e-02 3.904817547443025227e-01 1.681435437621692230e-01 4.638116296357993606e-01 0.000000000000000000e+00 0.000000000000000000e+00 3.167939755409943103e-01 5.773502691896258421e-01 0.000000000000000000e+00 7.071067811865474617e-01 2.834217155626205797e-01 3.676073110469038618e-01 0.000000000000000000e+00 6.787841298951557967e-01 5.342072242964952533e-01 4.843448552990372580e-01 0.000000000000000000e+00 5.264620820301000315e-01 3.879154295181140855e-01 7.599500236604631587e-01 3.999999999999999667e-01 3.481336057913638204e-01 5.070925528371099666e-01 4.929251531536712472e-01 1.000000000000000000e+00 5.786913866044944843e-01 3.965088288259145388e-01 0.000000000000000000e+00 4.118438837901864380e-01 0.000000000000000000e+00 7.687422135960731984e-01
8.002429915507837388e-02 4.613499676062950972e-01 2.296888414563432734e-01 2.766218344348807534e-01 6.346743712680608107e-01 4.253287230050015744e-01 2.369518382094047970e-01 2.618565018291525437e-01 3.584193951128271660e-01 1.263208002491396642e-01 2.912321649905532661e-01 1.867845813264227828e-01 5.207556439232955553e-02 1.471118578358454609e-01 2.613170986653106653e-01 2.010136028518182960e-01 2.829406327519076170e-01 4.364357804719847800e-01 2.210795853857500659e-01 3.883678186903086887e-02 0.000000000000000000e+00 2.920256100817224532e-01 4.959809359157352771e-01 2.537849082609463514e-01 1.474603969527835517e-110 1.348516440126643068e-01 3.051924694061310395e-01 4.335454534625862166e-01 3.430316882728280947e-01 2.449107099690507605e-01 2.251981724901626625e-01 2.886190128268624200e-01 2.609267281443500286e-01 4.133002471029297298e-01 0.000000000000000000e+00 3.185137371748336110e-01 4.120869203877377540e-01 2.934464239443314026e-01 2.147656534235115044e-01 2.187435061485528964e-01 3.417401769539454293e-01 4.074984982099383868e-01 2.726744612490831221e-01 1.139605764596379467e-01 5.556549020704723008e-01 6.164211238288190842e-01 3.762826898240455575e-01 4.831007493118273932e-01 5.131718355936708553e-01 1.210455065337604913e-01 1.567364261371667622e-01 2.998883344233310710e-01 6.666666666666666297e-01 0.000000000000000000e+00 2.792930763483905676e-01 4.505117540049948799e-01 2.956826949123674275e-01 0.000000000000000000e+00 3.389124742854650596e-01 3.075705528157031132e-01 4.553687077148478313e-01 7.559289460184543952e-01 3.399166497073666249e-01 3.567316366424226892e-01 4.308452661072971202e-01 2.859907054531067305e-01 1.381227766548392411e-01 5.654735114737079460e-01 1.304006039191953625e-01 0.000000000000000000e+00 1.949100972760135497e-01 2.046468711716400990e-01 0.000000000000000000e+00 5.540452001850944969e-02 1.228500423306553633e-06 2.315755430585387242e-01
